image: astrid_map_full.pgm
resolution: 0.050000
origin: [-98.000000, -128.400000, 0.000000]
# origin: [0.0, 0.0, 0.0]
negate: 0
occupied_thresh: 0.65
free_thresh: 0.196

